10000
10010
100129385
100129792
100131539
100131897
10019
1002
10020
10024
10026
100271849
100271927
100293516
100302736
1004
10046
10049
100505478
100505591
100506049
100506084
100526664
100526694
100526767
10053
100532736
10056
10076
10079
1008
10082
10083
10090
100996709
10100
10103
101060376
1012
10121
10131
10144
10148
10150
10171
1018
10184
10186
10200
1021
10257
102723680
102723737
10274
10276
10283
10299
10300
10313
10314
10319
10336
10345
10360
10361
10391
10396
10398
104
10400
10404
10417
10420
10428
1044
10444
10451
10452
10457
10458
10464
10466
10479
10497
105
10501
10518
10536
10579
10580
10588
10609
10611
10614
1063
10641
10642
10644
10659
10681
10699
1071
10718
10746
10752
10755
10767
10783
108
10806
10813
10817
10841
10856
10867
10873
10890
109
10905
10923
10926
10929
10948
10965
10972
10973
11037
11043
11055
11059
110599583
11060
11069
11076
11077
11083
11097
111
11101
1112
11122
11124
11127
11131
11138
11145
11161
11163
11170
1118
11188
11199
11214
11226
11227
11235
11238
1124
11259
11278
11280
11281
11282
11283
112840
11285
1129
113000
11309
1131
11311
113146
11315
11320
113278
11332
11342
11343
113451
113675
113828
1143
114335
114783
114784
114788
114789
114791
114793
114795
114804
114815
114827
114876
114879
114880
114884
114897
115
115098
115209
115290
115352
115353
115704
115827
116092
116113
116173
116225
116328
116443
116449
116496
116835
116931
116966
116983
116987
116988
117145
117247
1175
117854
1183
118426
118429
118663
1188
118987
119
1191
119391
119710
1207
120796
121278
121551
122060
123096
123099
123355
123591
123745
124535
124540
124925
125058
125336
125488
1258
1261
126208
126370
126549
126626
126669
1272
127294
127602
127665
127700
127733
1278
127845
127943
128153
1284
128553
1286
128710
1288
128817
128869
1289
129080
1294
129446
129521
129563
1296
129642
129684
130026
1301
130162
1302
1305
130507
130576
1306
130888
130951
1310
131034
131096
131408
131566
131601
132
134147
134265
134957
135112
135114
135138
135152
135228
135941
136332
1368
136895
1369
1373
137735
1378
137868
137902
137964
138046
1384
139324
139728
1404
140460
140680
140685
140688
140691
140733
140766
140803
140832
140876
140893
1411
142683
142685
1427
143098
143162
143187
1432
143384
143458
1435
143570
143872
144100
144132
144195
144233
144406
144423
144448
144535
144699
144715
145173
145282
145389
145407
1455
145567
1456
145645
1457
145773
145864
146
146183
146395
146439
146556
146691
146754
146853
147166
147372
147463
147700
147798
147872
148229
148345
148641
148753
148823
148867
149076
149461
149465
149473
1495
1497
149708
149840
149998
150082
1501
150159
150165
150280
150365
150468
150684
150763
150962
151011
151050
151188
151242
151246
151473
151556
151647
151651
151742
151835
151963
152002
152110
152206
152273
152519
153090
153201
153769
154141
154664
155185
155382
157310
157567
157680
157855
157922
158135
158219
158297
158326
158471
158584
1586
159
159195
159686
1603
160428
160518
1606
160777
160857
160897
1611
1612
161357
1615
161514
161582
161742
161882
1620
162282
163486
1636
163747
164045
164118
1644
165082
165829
1662
1663
166378
166614
166647
166824
166979
167681
167838
168507
169044
169166
169355
169714
169792
170591
170679
170680
170712
170961
171019
171024
171425
171568
1727
1739
174
1755
1759
1761
1769
1770
1773
1788
1791
1793
1794
1795
1803
1804
1807
1809
1814
1826
1831
1836
1838
1842
1846
185
1896
1909
1917
192668
1939
1949
1952
1953
196385
196394
196446
196483
196528
1990
199857
2001
200132
200162
200205
200373
200403
2006
200844
200894
2009
200959
201134
201229
201254
201501
201595
202
202051
202052
202559
2027
2028
203111
203238
203259
203286
2035
203522
2036
2037
205
2051
2055
2059
2066
2072
2103
2108
2121
2131
2137
2146
2157
2158
217
2176
2184
2191
219348
2195
219621
219654
219699
219771
219790
219995
2200
220042
220108
2203
220869
220972
221002
221188
221264
221294
221322
221336
221395
221421
221458
221472
221481
221491
221692
2218
221806
221895
221935
221937
222194
222223
222229
222234
222235
222255
222256
222537
222553
222643
2230
223117
2235
2246
225689
2260
2262
22795
22808
22834
22837
22848
22849
22853
22854
22859
22866
22874
22876
22882
22883
22887
22898
22904
22906
22911
22915
22920
22924
22925
22932
22933
22936
22941
22950
22955
22980
22982
22986
22987
22989
22990
22994
22998
22999
23005
23012
23014
23022
23023
23024
23025
23026
23030
23035
23037
23040
23043
23046
23057
23059
23072
23077
23078
23081
23085
23090
23094
23096
23101
23102
23107
23108
23114
23120
23122
23138
23140
23143
23144
23150
23165
2317
23171
23179
23189
23194
23201
23205
2321
23216
23220
23231
23232
23233
23236
23240
23241
23242
23245
23247
23254
23261
23263
23271
23274
23281
23287
23288
23291
23295
23300
23301
23304
23305
23315
23316
23321
23327
23331
23332
23334
23335
23345
23362
23363
23368
23370
23380
23382
23389
23395
23396
23413
23414
23415
23417
23418
23421
23426
23457
23466
23467
23468
23475
23499
23514
23523
23532
23544
23548
23549
23556
23582
23596
23608
23624
23635
23639
23670
23676
23705
23732
23760
23762
23779
238
239
2395
24
2444
245711
245972
2494
25
252983
253260
2534
253559
253714
253738
254050
254263
254428
254439
254528
254552
254778
2549
255101
255104
2553
255426
255631
2560
256130
256302
256586
2567
256815
256979
257044
257068
257101
257194
257218
257364
25758
25766
25809
25822
25828
25836
25854
25861
25862
25864
25865
2588
25884
25885
25886
2590
25902
25904
25911
25913
25914
25923
259230
259232
25924
259240
25932
25936
25953
2596
25981
25988
25989
25992
26010
26011
26013
26018
26019
26022
26025
26033
26034
26035
26038
26040
26052
26053
26059
26074
26095
26115
26122
26128
26136
26137
26146
261734
2620
26207
2622
26230
26245
26249
26254
26261
26266
26275
26278
26297
2632
2643
2649
26503
26509
26574
26580
2662
2673
26747
26750
2678
2690
26973
26999
27
27010
27067
27074
27085
27086
27098
2710
27115
27125
27127
27136
27143
27146
27147
27151
2719
27236
27241
27244
27299
27306
2731
27333
27347
27352
2737
2741
2742
27434
2762
2766
2776
2788
2794
2822
2827
282763
282809
282973
28316
283316
283358
283383
283385
283446
283455
283464
283638
283659
283726
283777
284001
284004
284058
284076
284106
284111
284131
284266
284297
284340
284346
284361
284434
284467
284611
284723
284805
285025
285126
285175
285180
285195
285220
285313
285386
285440
285498
285590
285600
285641
285659
285782
285848
285966
285971
286046
286053
286151
2863
2864
286749
2868
2869
287
288
2888
2889
2893
2894
2895
28957
28964
28966
2897
2899
28992
28996
29
2904
29066
29088
2909
29103
29105
29114
29115
29119
29123
2914
2915
2932
2959
2961
2963
29760
29767
29775
29780
29789
29799
29800
2984
29841
29899
29922
29924
29928
29951
29967
29970
29984
30011
3030
3033
3053
3064
307
3077
30819
30820
3083
3092
3096
3097
31
3141
3177
317762
3183
320
321
323
324
3249
3250
3268
3269
3276
3295
331
3340
3363
337867
338699
338811
338917
339210
339512
339541
339855
339967
340156
340273
340277
340385
340481
340527
340562
340895
341019
341277
3416
342184
342346
342372
342527
342945
342977
343450
343637
344658
344758
344901
345930
346007
346389
347240
347252
347344
347516
347735
3480
348093
3487
3488
348938
3490
349565
351
3516
353376
357
3593
3595
36
3600
360200
3607
3636
3643
3662
367
3675
368
3693
3694
3695
3700
3704
3707
3708
3709
3720
3742
374383
374407
3746
374618
374786
374864
374868
374877
374920
375056
375298
375337
375449
375567
375611
375612
3763
376497
3767
377007
3778
3780
3781
3784
3786
3787
3796
3797
3845
387119
387332
387338
387357
387521
387522
387597
387694
387700
387755
387836
387890
388115
388228
388333
388341
388610
388650
388701
388743
3890
389015
389073
389136
389161
389203
389434
3898
389812
389840
3899
390036
390439
390792
3908
3909
390928
391003
391059
391365
3914
3918
392307
392517
392862
3929
3931
3934
3949
395
3978
3988
399
3991
399665
399687
399694
400073
400224
400818
400935
401265
401387
401474
401541
401548
401647
4026
4036
4038
4045
404550
4052
405753
406
4060
4065
4086
4091
41
4117
4137
414060
4145
4155
4163
4166
4199
4205
4207
4208
4217
4233
4240
4257
4285
4286
4297
4303
4312
4326
4336
4357
440073
440822
441024
441250
441519
442117
444
4440
445571
4481
4482
4507
4520
4534
4548
460
4601
4605
462
4621
4629
463
4638
4642
4643
4653
4656
4660
4661
4664
4673
4680
4681
4684
4685
4693
4702
4703
4705
473
4734
4745
4750
4756
4763
4771
4779
479
4810
4829
4839
4861
4862
4867
4899
4901
4919
492
4920
4926
493860
4976
4978
4983
49855
5000
501
5019
5024
5025
5026
5031
50488
50512
5053
5058
5064
50649
5066
5071
5073
5079
50848
50853
50863
5091
50940
5098
51008
51050
51062
51070
51084
51097
51112
51114
51144
51162
51167
51174
51194
51196
51199
51230
51232
51233
51257
51265
51280
51281
51292
5130
51304
51305
51319
51326
51343
51347
51365
51377
5138
51380
5139
5140
51409
5142
5144
51451
51458
51460
51473
51474
51496
5150
51512
51514
51535
51555
51557
5157
5159
51652
51657
51666
51678
51684
5169
51700
51702
51735
51741
51760
51761
51809
5208
5211
5212
5217
5218
5228
5243
5245
5251
5270
5287
5288
5295
5297
5305
5314
5321
5325
5332
53335
5334
53342
53353
5336
5337
53407
5362
53630
5371
5376
5378
538
540
54102
54107
5414
54221
5435
54414
54434
54462
54463
5449
54498
5452
54536
54537
54549
54550
54602
54622
54682
547
5471
54715
54716
54733
54742
54756
54762
54768
54777
54795
54806
54808
54810
54820
54822
54823
54825
54828
54831
54848
54858
54868
54869
54875
54879
54897
54914
54919
54926
54928
54941
54949
54976
54986
55013
5504
55062
550643
55074
55075
55100
55102
55103
55107
55117
55118
55124
55129
55133
55151
55160
55164
55165
5520
55214
55220
55222
55225
55240
55243
55246
55259
5527
55275
55277
55282
55289
55294
5530
55316
55328
55329
55331
55334
55345
55349
55357
55435
55500
55503
5553
55530
55534
55567
55568
55582
55596
55607
55610
55617
55619
55626
55628
55633
55672
55680
55686
55690
55691
55698
55702
55703
55715
55718
55731
55733
55744
55750
55754
55756
55757
55760
55763
5577
55770
55779
5578
55781
55784
55787
55789
5579
55790
55799
5581
55815
55824
5583
55831
55841
55843
55848
5585
55856
55857
55862
55871
55884
55898
5590
55915
5592
55930
55959
56052
56097
56098
56099
56100
56101
56102
56103
56104
56105
56106
56107
56108
56109
5611
56110
56111
56112
56113
56114
5613
56164
5618
56203
5624
56288
5641
56477
56479
56649
56683
56776
56853
5686
56888
56890
56896
56898
56899
56934
56937
56942
56950
56953
56955
56964
56980
56987
56998
57001
57088
57094
57101
57102
57111
57118
57125
57128
57143
57157
57159
57161
5717
57172
57176
57178
57180
57186
57190
57194
57198
57205
57221
57228
57231
57412
57415
57419
57449
5745
57451
57458
57459
57460
57464
5747
57475
57476
57480
57481
57491
57497
575
57501
57502
57509
57513
57519
57520
57521
57528
57529
57531
57533
57535
57537
57538
57539
5754
57544
57553
57578
57584
57587
57591
57619
57624
57636
57639
57642
57644
57650
57654
57664
57666
57669
57687
57690
57695
57699
57706
57707
57722
57724
57731
5778
57799
57820
5787
5789
5791
5793
5798
5800
5801
5803
5817
5818
5822
5825
5827
583
58488
58490
58494
58497
58504
58509
58513
58528
586
5864
5866
5871
5873
5889
5890
5900
5915
5922
5923
5924
5926
59269
5932
59335
59338
59341
59352
5937
594
5947
5990
5991
5998
5999
6005
6006
6007
60312
60468
60487
60488
60496
605
60526
606495
60677
60678
60682
60685
6091
6096
6098
6117
6119
613
6169
6185
619279
6198
6251
6252
6253
6259
6261
6262
6263
63027
63035
6310
6311
6314
6323
6327
633
6339
6344
6346
636
63876
63892
63895
63898
63899
6390
63917
63929
63933
63951
63977
63982
640
6403
64062
64072
64077
64081
64093
64097
64106
64131
64135
6414
64147
64170
64172
64180
64215
642475
64283
64285
642968
643008
643037
64328
64343
643596
64375
644019
644041
64411
644150
6442
64420
64421
64426
6443
64446
6447
64478
644974
6450
64579
64601
646625
64682
64699
64711
64750
64754
64757
64772
64784
64786
64792
64795
64798
64805
6483
64837
64839
64847
64863
6487
64895
64901
64919
65056
65078
651
6523
65260
652968
6530
6532
653319
653857
6540
6546
6557
6559
6568
658
6580
6584
6586
65991
6602
66037
6611
6623
6645
6650
6654
667
6671
671
6710
6711
6720
6721
673
6733
676
6769
6786
6788
6809
6840
6847
6860
6865
6874
6875
6900
6904
6917
6919
6925
6928
6929
6932
6934
6935
6938
7003
7006
701
7029
7035
7038
7039
7043
7047
7066
7068
7092
7093
7100
7102
7111
7135
7143
7148
7153
7155
7161
7163
7188
7204
7248
7253
726
7260
727
7273
7275
727897
727936
727957
728586
728591
728597
728621
728661
728911
7292
729440
729515
729665
729852
729873
729877
730094
731220
7326
7327
7389
7399
7402
7403
7405
7407
7410
7414
7421
7450
7461
7468
747
7485
7499
7515
7520
753
7534
763
767
7703
7704
773
7739
776
779
7798
7799
781
783
785
7850
7873
7881
7884
78986
78990
79019
79033
79054
79068
79071
79092
79096
79109
79132
79133
79147
79149
7915
79152
79173
79363
79368
794
79400
7941
79446
7957
79572
79575
79591
79611
79612
79613
79628
79631
79648
79658
79664
79669
79674
79675
79677
79684
79695
79701
79705
79709
79723
79739
79741
79746
79747
79758
79772
79781
79783
79784
79796
79798
79807
79810
79811
79812
79817
7982
79823
79827
79829
79839
79840
79853
79856
79871
79875
79884
79885
79899
79901
79906
79913
79944
79954
79955
79974
79980
79991
800
80003
80004
8001
80011
80019
80022
80023
80028
80036
80045
80070
80071
80114
80115
80122
80128
8013
80144
80146
80150
80168
80173
80201
80205
80207
8021
80210
80216
80217
80228
80243
8028
8029
8030
80310
80313
80332
80333
80381
8050
80724
80726
80737
80762
80781
80817
8091
81
8131
81533
81544
81550
81575
81606
81616
81624
81691
817
8178
81792
81794
81832
81844
81846
81849
8189
8202
8208
8214
8218
8224
8228
824
8277
8288
8317
832
83394
83401
83439
83450
83473
83478
83660
83694
83695
83697
83715
83734
8382
83850
83851
83853
83854
83857
83860
83861
83889
83894
83938
83943
8395
8398
83989
83992
83998
84059
84068
84071
84074
84108
8411
84132
84133
84146
84152
8417
84171
84179
84181
84187
8419
84216
84223
84229
84236
84239
84249
84254
84256
84265
8428
84284
84292
84295
84296
84303
84310
84311
84318
84319
84320
8434
844
84418
84441
84446
84448
84457
84458
84461
84465
84466
845
84501
84553
84561
84569
846
84612
84623
84627
84629
84650
84662
84665
84678
8470
84700
84708
84725
84726
84735
84747
84750
84816
84861
84867
84870
84871
8490
8491
84918
8492
8493
84945
84947
8495
84954
84959
84966
84969
84978
84986
84991
85002
8501
85015
85019
8515
8516
8522
85301
85302
85313
8532
85329
85359
85377
85378
85395
8541
85413
85414
8544
85452
85458
8546
85463
85464
85477
8556
8572
8577
8605
8607
8621
8631
8641
8650
8659
8671
8689
87
8728
8732
8735
8736
8739
874
8751
8760
87769
8787
8798
88
8808
8816
8821
8829
883
8840
8842
8844
8848
8857
8863
8871
8887
8904
8906
8908
8911
89122
8925
8935
894
8942
8974
8976
89766
89792
89795
89797
89822
89853
89874
89894
8994
89944
89978
90025
90141
90161
9031
90313
9033
90362
9037
9043
90459
9048
9052
90527
9060
90634
9064
90673
90853
90987
9099
91010
91156
9117
91181
91227
91252
914
9140
91404
91442
91452
9152
91522
91526
9154
91584
9162
91647
917
9172
91752
91768
91775
91801
91937
91942
9200
9201
92017
92086
9213
9214
9215
92211
92270
9228
9229
92293
92346
9252
92521
9254
9256
92565
9260
9261
92737
92747
9289
9294
92979
93109
9312
93145
9318
9319
93233
93492
9353
9365
93663
9369
9372
9378
9389
9400
9402
94097
94120
94121
94134
9414
94240
9444
9448
9456
9459
9462
9467
947
9472
9481
9497
9501
9508
9518
952
9520
9537
9542
9557
9562
9567
958
9586
9590
9619
9628
9630
9639
9644
9645
9647
9649
9654
9663
96764
9685
9696
9699
9708
971
9710
9712
9718
9720
9721
9727
9732
9734
9755
9758
9765
9779
9781
9786
9787
9788
9801
9814
9828
9832
9844
9853
9856
9862
9863
987
9871
9873
9880
9882
989
9895
9899
990
9901
9905
9910
9911
9915
9922
993
9971
999
9992
